           1  5.410497908692554E-002 -3.732881813145286E-002
           2  2.153913766752367E-003 -4.880825043468769E-003
           3  0.386777311405041        2.77626258024402     
           4  3.616843866885747E-002  2.177680614932177E-003
           5  1.210798941856314E-002  1.618764323768834E-002
           6  7.211127117156334E-003  1.314849167907227E-002
           7 -6.675061063995411E-004 -1.217400212403509E-003
           8 -3.234536140382400E-005  1.713077934819914E-005
           9 -1.875401210497124E-002 -4.285547620220062E-002
          10  -3.61538957038539       0.810847582588569     
          11  0.124456114642243       9.240646041392420E-002
          12 -9.678538531200291E-003 -2.006914424109440E-002
          13  0.127407650699932      -4.278836053813909E-002
          14 -0.442859057729691       2.060936761663353E-002
          15  4.889170704070508E-004 -1.575548806304509E-004
          16 -0.841627920291824        2.00206452592127     
          17  0.110800988013092      -0.535785630619935     
          18   2.53967009301279       -2.84222311785356     
          19  0.119769187147636       5.392376694108710E-002
          20 -1.365371074647517E-002 -0.754609877084782     
          21 -2.929024831471159E-003  0.102607657264579     
          22 -1.555614988837223E-003 -2.036358306018884E-002
          23 -1.277595709195059E-002 -9.616693402903565E-003
          24   1.12812636670685       0.417855032229579     
          25  -5.57831401605207       -3.93997566942862     
          26  3.060349681680843E-002  8.015222414446729E-002
          27  0.734115438906272      -4.703122623347750E-003
          28 -0.348036658982703       7.927421593426898E-002
          29 -0.365497324927754       3.641172675468586E-003
          30 -0.105299768851697       5.102096200857620E-002
          31 -0.334201658982319       0.590347719337208     
          32 -0.151502445036851      -0.376562497067592     
          33   1.26216805940653      -0.149674496911896     
          34  4.146855471218231E-003 -1.123841993507531E-002
          35 -5.392258479628714E-004  7.235647821207898E-004
          36 -0.263583864569755        2.74013570938196     
          37  9.813152969654688E-003 -1.854077468185696E-002
          38 -9.524993072472528E-002 -0.255758610868485     
          39  2.772988976090251E-002  0.137440300285019     
          40 -4.160712833770789E-003 -4.536124838880246E-003
          41 -9.247231373453518E-002 -0.133743648451824     
          42  0.328701772837231      -0.426789750897380     
          43 -0.583517406913348       -1.90673636711591     
          44  2.014111553484002E-002 -9.392188538019615E-002
          45  7.871592631231621E-003 -0.275013302682216     
          46  1.630186133729635E-002 -1.250980396410275E-003
          47 -2.070859672050722E-003 -1.511250600215029E-003
          48 -1.763289561461007E-002 -5.337044099038355E-003
          49  4.573532142162572E-003 -1.595509707326250E-003
          50 -0.327580168199046       -4.59290907367869     
          51   1.44409109943292       -1.20072841081788     
          52  2.391887533772611E-002  6.666571438838165E-003
          53 -4.311920073519789E-003  0.598367928348004     
          54  -3.45874648767896       2.851949663680629E-002
          55 -8.936274543253813E-003 -6.668723301150346E-002
          56  3.972741172543967E-002 -0.151482709130855     
          57  2.032869538018295E-003 -3.591388830703531E-003
          58  4.691845944946832E-002  -1.44472242445362     
          59 -8.012166093289684E-004 -1.239188460240919E-004
          60  -3.05104490188469       -2.06127827294441     
          61  9.041484954032384E-004  1.003955313968274E-003
          62  2.282337317042281E-002  6.299593849542728E-003
          63  0.127438932421959      -0.160839169766412     
          64 -0.588154116091008       -2.51297788646321     
          65  1.126554011881018E-002  5.626393722475624E-002
          66  0.673105808150742      -0.156299264434550     
          67 -1.428602110208162E-002 -9.587436558816602E-003
          68 -6.385357144470143E-004  3.247386830703592E-005
          69 -3.665449074010147E-003  2.395712639717466E-003
          70  7.879693262503322E-002   1.30582581064568     
          71  -2.13377233328714       0.230748196779124     
          72 -9.057512301321018E-002 -4.205676250732117E-002
          73  3.391647605525586E-003  5.566755730561197E-003
          74  0.113158567861575       2.357457945472751E-003
          75 -7.355207955124722E-002  1.027247886458686E-003
          76  2.665499505322302E-002  3.743061894288545E-002
          77  4.706479816413360E-002  0.131907215173137     
          78  5.498745006460344E-003 -2.254326673672978E-002
          79 -2.485597835325962E-002  5.220980009831952E-002
          80  3.185849391244603E-002  4.344647345940406E-002
          81  3.872264375824162E-002 -6.053137858081988E-002
          82  3.036542266986695E-002 -0.107249536628804     
          83 -3.529665929879913E-003  3.611547256712453E-003
          84   1.62477057174998       0.891223316190128     
          85 -1.201631137798287E-002  2.408047297964259E-003
          86 -9.660586672653614E-003 -3.385782442045256E-002
          87  3.396163738709522E-002  4.312891953508434E-002
          88 -3.457109314671948E-002 -1.884687348023673E-003
          89  -1.73246111773135       -4.61874907331452     
          90  5.507075042795117E-003  3.456443010339428E-003
          91  7.574908484959988E-002  0.239276661386193     
          92 -2.092734721208557E-002  1.089007968680546E-002
          93  0.999224020634966        1.07581755725009     
          94 -0.266931822871194       -1.23232048648419     
          95 -6.477232956327558E-003 -2.435514734829369E-003
          96  0.312807434662127      -0.223737215295355     
          97 -7.573545104512563E-003  1.555153085803005E-002
          98  0.553915578891666      -0.347419804572972     
          99  4.725005383751374E-002  8.563575959321591E-002
         100  2.839320477285531E-003  5.136102996207061E-002
         101  2.822764882069933E-002  9.947828590955294E-003
         102  4.678494467757097E-003 -4.014491092205025E-004
         103  0.120367298763278      -0.137717999484998     
         104  4.654548757963821E-005  6.083147441159324E-004
         105  4.554752645994491E-002 -1.747434404726501E-002
         106  0.650133020912539      -0.665597901013581     
         107  0.101351613459201       0.122824278997935     
         108  3.547118815379789E-003  1.048603399799520E-004
         109 -2.447890249175698E-002  1.502474348535980E-002
         110 -4.063572567349155E-002 -0.169017397817459     
         111 -2.443453104815960E-002  0.108368223938636     
         112 -1.174246174061239E-003  2.779006165181841E-003
         113 -2.575207066862391E-003  3.295819805600026E-003
         114 -1.547809096873246E-002 -5.318290435326388E-003
         115  1.927831876072681E-002  3.580925221642919E-002
         116 -1.412077515286128E-002 -7.568258223990794E-002
         117 -0.538935265449423        1.42060267951338     
         118  -1.24259784226810       0.661950894391257     
         119 -4.388303425241418E-002 -4.536535802899763E-002
         120 -0.284019008446670      -0.147429429832319     
         121 -0.200194734856339      -0.305221797699096     
         122 -1.044127673828496E-002  6.137930390288542E-003
         123  0.534780887286100        1.17241783537575     
         124  0.325990029321397      -0.331454319458030     
         125 -4.230662716420634E-002 -7.685798047240865E-003
         126 -1.333922526797855E-002  0.240286122204211     
         127  4.965544158949065E-002 -4.954830670442079E-002
         128  2.592559763070945E-002  1.586581280644217E-002
         129  0.117943646856926      -7.289952583487048E-002
         130  7.700183783842339E-003 -2.313190512449757E-003
         131  9.132684422446263E-002  5.860089280196980E-002
         132  3.407114404000907E-002 -0.402559352335351     
         133  0.142898290366177       1.983767572625794E-002
         134 -2.742128266287335E-002 -3.681832769773513E-002
         135 -0.124453782606693      -6.757097466073191E-002
         136 -1.927708544588315E-002 -5.561885560432374E-003
         137 -0.898584155200525      -0.496118066689127     
         138  0.383617305821406        2.92156279355010     
         139  2.554525037551085E-003 -8.918302614046957E-004
         140 -4.059306502428900E-002  0.178846152471753     
         141  3.823717906060263E-002  0.127740389243239     
         142 -7.254175523651947E-002  2.070654919541200E-002
         143 -0.147803158371578       0.595962080469689     
         144 -5.516472942444285E-002 -2.835664695645107E-002
         145 -4.988568129502508E-002 -0.136789382947258     
         146  2.107924682743643E-002 -0.295523907734185     
         147 -1.189001632453257E-002  2.002174907503941E-002
         148  0.600417708163213       0.263280012081242     
         149  6.461696334276698E-003 -3.111749051836487E-003
         150  2.233856173501622E-003  6.145502141467079E-002
         151  1.384473807914835E-002 -1.401372638005122E-003
         152  8.783004631085112E-003  1.481151838470055E-002
         153  8.834230765385673E-003 -0.100973943736198     
         154 -5.308303293143062E-004 -1.068403020938532E-003
         155 -0.113902331040381       9.457162415040096E-002
         156  8.002805541502379E-002 -9.346827337521862E-002
         157 -6.627293775265375E-003 -1.428875620238383E-002
         158 -4.606053501502743E-003 -3.494467276514150E-003
         159  7.541439189171155E-005 -2.666084199924825E-003
         160  2.224260491558605E-002 -0.105975261525663     
         161  1.671274465592623E-002  1.388831009817170E-002
         162  2.894464328926771E-002 -4.682170768119468E-003
         163  0.596807612856637       0.407266754454795     
         164  1.992852300249042E-002  7.583378880424781E-003
         165  0.205756625044854       0.161676979800583     
         166  -2.88306752024569      -0.700919984722154     
         167   1.60391571474271        1.14113540433689     
         168  0.349312198515085       0.217525083785383     
         169 -0.361629220216072       0.203841774837275     
         170 -6.780935995332922E-002 -6.022328453207618E-002
         171  2.939694798237305E-002 -1.762279283072949E-002
         172  2.336819333183860E-002  2.555219984894441E-002
         173  0.648438090943633       0.135494336572054     
         174 -2.058095896013082E-002  3.335939189688279E-003
         175  -5.16797356722955       0.534758393813875     
         176  9.797115481882010E-003 -5.035064775703341E-003
         177  0.173650276474633      -6.784752949944615E-002
         178  2.289478818863484E-003  1.180115716876865E-002
         179  1.686650137958481E-002  3.473740583939049E-002
         180 -5.525523936115702E-003 -1.327714646656093E-002
         181 -9.881008810229551E-002 -0.310247646826367     
         182 -5.034379998633692E-002  0.102460022045425     
         183 -0.165237164950461       0.203507421968009     
         184  2.085059989214335E-002 -0.207204060714200     
         185 -1.060890648589448E-002 -4.170258604250791E-002
         186 -0.288808595873281       0.257913734880037     
         187 -0.498181233566806       0.460588119816027     
         188  0.132006930902421      -6.377375911069995E-003
         189  5.708382390211688E-003 -6.854819906058257E-002
         190  0.224844243782680       0.416142696066249     
         191   5.47832678886635        4.80892120564356     
         192  0.275692511256863      -9.922779645875197E-003
         193 -9.498966819642052E-002  6.054440409818409E-002
         194  8.066009865984070E-002  0.200974729011033     
         195  0.633389429983305        2.02396313042047     
         196  0.546835720302520       0.810453961014922     
         197 -1.924764116969723E-002  6.149258444070719E-002
         198 -0.787273519423059       0.237169839161118     
         199 -0.531955816125347      -0.741049159143107     
         200 -0.391902218774961       0.866841606335395     
         201 -1.446767523411877E-002  5.986435349421683E-003
         202 -0.224464575522729      -0.332784192423950     
         203   2.19363036562822       0.851835538177355     
         204 -2.272223703668601E-003 -1.730524030114834E-002
         205 -3.485197446994999E-003 -5.775287242481765E-004
         206  2.000737173199488E-002  4.837785950921814E-003
         207  0.105665304561173      -7.108970445632916E-002
         208  0.338307803190627       0.364068949707411     
         209  0.119083119201724      -0.209516480600170     
         210 -5.942966332309089E-002  9.055300997465439E-002
         211   1.10814389028537       0.390865616585991     
         212 -3.027638466285602E-003  7.472521404527594E-003
         213  -7.38834002932205        3.03012609184351     
         214  0.367929044705370       0.471074115364223     
         215  0.165081742646114      -1.799180091337287E-002
         216  0.263019546332273       7.980758565520318E-002
         217  2.086301602549967E-002  1.776677224708165E-002
         218  0.432483936825746      -6.391917807572305E-002
         219 -0.125009877054977       6.353381784985985E-003
         220 -3.195674423735997E-002  5.345295836570455E-002
         221  1.474806313438043E-002 -1.667738781435194E-002
         222  5.188852654493903E-002 -0.141072705867416     
         223  4.646719875207843E-002 -1.141044924589885E-002
         224  4.321780149959187E-002  0.164481110163183     
         225  0.125782757936347       6.190659564408696E-002
         226  8.340136697766036E-002 -0.223197465499099     
         227 -0.558232657217915       9.046489015541936E-002
         228  -1.47683176633086        1.27683086058409     
         229 -8.174673436892846E-002 -0.369840783209550     
         230  9.550703335388583E-004  3.223091519966172E-003
         231 -1.885810209251107E-002  7.162829928314500E-002
         232 -7.851780701423582E-003 -5.054976134322831E-002
         233 -1.384227944278443E-002  1.385767638139021E-002
         234  2.562070357667912E-002 -3.802632936912201E-002
         235  5.117695405920029E-002 -7.189256636005187E-002
         236  1.934074669260618E-002  4.074379443878587E-002
         237  4.047425561250661E-002  7.477014773200098E-003
         238 -8.101507115228376E-002  0.243350830864850     
         239  9.004412250264354E-002  2.076193600810536E-002
         240  2.173924881270543E-002 -1.208236748905184E-002
         241 -0.107018274510332       0.108555145093582     
         242 -1.908662145310196E-002 -2.412867686957603E-002
         243  1.192064615723945E-003  4.828887900177363E-004
         244  0.128556809283393      -8.360461827386455E-002
         245 -0.199373771825833       0.125623796653644     
         246 -7.982832206909962E-003 -1.177272002212101E-003
         247 -1.307526660631663E-002  0.389675637177686     
         248  2.066096351799174E-002  1.781642954737379E-002
         249  8.764563730684104E-002  0.178370850542725     
         250  3.339283935795892E-003  3.001977122591281E-004
         251   3.00292889678466       -2.02776688901727     
         252  0.289511499970338       2.653639327579235E-002
         253 -5.524194447375916E-002 -2.744160705478000E-002
         254 -0.493918961587163        3.26065022617975     
         255  7.550214180510956E-002  0.156356458162046     
         256  9.908552728780971E-002 -0.390810756110216     
         257  2.198371966088136E-002 -0.115078564060775     
         258 -2.010238821160813E-002 -4.320466668550055E-002
         259   4.07004720319087        3.95369851202359     
         260 -1.866399807701665E-002  8.009515369337172E-003
         261  6.693169725039800E-003  5.512663509251284E-003
         262  2.760662767851920E-002 -0.103830838470247     
         263  3.611583185679099E-002  9.754821481390246E-003
         264 -6.748381805062978E-002  0.184325800188610     
         265 -1.691012244617111E-002 -2.483001543816976E-002
         266 -6.626981498088412E-002  0.551312518250293     
         267  1.971960960442516E-002 -3.044904376487484E-003
         268  6.411620144194623E-002 -6.099404485191181E-002
         269 -4.258355049521348E-003 -9.463179378122785E-002
         270 -0.662543775418112      -0.176569356137996     
         271 -3.778414493182935E-004  2.532559621247905E-004
         272  0.586240951349579       0.138504464276863     
         273  -7.46852194901746      -0.173880074120080     
         274 -3.113537964420504E-002 -2.154330009616173E-004
         275 -0.486494312016247       0.537718490418880     
         276 -3.281591097649122E-002 -3.661966132045286E-002
         277  2.683590677591380E-002  5.332754076012457E-002
         278 -4.027245285350495E-002 -4.087065691909003E-002
         279  0.274331641576162        1.25365555219812     
         280  5.116980135186608E-002 -1.153823933847982E-002
         281  0.115564499522674       -1.53744032118226     
         282   2.21562293675589       -4.83581414172300     
         283  7.295893514789309E-002 -5.880750776877507E-002
         284 -5.787563179940809E-002 -0.108937951877887     
         285  0.466246911002849       0.312579616001292     
         286  0.195842139161085      -0.165122540706993     
         287  6.777698924900932E-004  1.546482083162112E-004
         288  -2.15215477728228        1.06956640217667     
         289 -4.945343791486092E-003 -4.136810684014584E-002
         290 -0.124251899320302      -7.306092721304136E-002
         291  -4.15721698834830       0.380832727171680     
         292 -4.383126838393117E-002 -3.482422581930406E-002
         293 -4.400645419088696E-004 -2.204381773165313E-002
         294 -0.793561736582588       0.970735900589979     
         295  2.579150042463132E-002 -9.335036106223328E-003
         296  3.022549060306642E-002 -2.050294604665429E-002
         297  0.107484077090053      -0.112630891674882     
         298   1.97034841813242       -2.26425806406812     
         299  1.150574933260342E-002 -3.741490674860534E-002
         300 -5.237511177342635E-002 -0.184216790052781     
         301  0.116083400722798       7.450953246897424E-002
         302 -4.097044051390151E-002 -8.832432047969336E-003
         303  3.432211678777800E-002 -0.194518772723814     
         304 -4.953378634358767E-002  3.939075217755086E-002
         305 -8.512482082690283E-002  4.539325037135555E-002
         306  1.923846016378389E-003  2.533269227282422E-002
         307   7.75202012460222       -13.1227490670316     
         308 -9.159186689707938E-002 -0.408160325898530     
         309  2.327703477906807E-003  2.818997636848666E-003
         310 -6.686908561822709E-002  5.027392869164451E-002
         311  -7.99572936272318        7.56118976096083     
         312 -6.988048626649829E-002   3.94607818429395     
         313 -3.080059704390901E-002  4.910153663938571E-002
         314  -1.12418142928981       -1.28198834527197     
         315 -0.269334083861922      -0.373822547459818     
         316  0.291220843948695      -0.175320812365028     
         317  3.406040369331030E-003 -2.481899632017363E-003
         318   1.34065293351885       -1.59119224380160     
         319 -0.381220568592066      -0.129007964827790     
         320 -0.405006349243183       -3.16654115191163     
         321 -0.558667918255852       0.361238031132086     
         322 -3.677573574203234E-002 -4.126333357566746E-002
         323 -7.427463441176119E-002 -5.190275312505420E-002
         324  -2.50272749203255        2.37786538577310     
         325 -0.427261401348105      -0.113042887881154     
         326 -0.238924942165738      -5.191573406712083E-002
         327 -0.162373228744717      -0.768631594818074     
         328 -0.128373094047848       0.106452647819486     
         329  3.590559760823814E-002 -0.269641694378891     
         330  1.533506341849883E-002 -0.213229653284904     
         331   2.62858842793921       -1.90109584436196     
         332 -1.921250923673865E-002  2.273300647233055E-002
         333 -1.060196516078126E-003 -4.431661460365633E-003
         334  2.952244460239978E-002 -0.423835804483655     
         335  9.584127142037474E-002  0.257156699840943     
         336 -2.568403969168610E-003 -1.788189768284080E-003
         337   4.60967868680332        4.12322744553554     
         338 -7.569069080944052E-003 -6.908103228700231E-002
         339  6.669579895311597E-003 -6.963706458817314E-003
         340  6.988947907551121E-002  2.597184831672431E-002
         341  1.020882971161763E-002 -9.907272922800933E-003
         342  4.905655937256493E-002  0.193836117189130     
         343  0.167867504125838      -0.308419251381699     
         344 -1.747263950645239E-002  4.850723183186557E-003
         345  0.157882088946552        2.33047536702880     
         346  4.091563782762268E-002 -3.880873964562560E-002
         347 -4.109924722260004E-004 -5.971724157533289E-003
         348 -3.151272634467839E-005 -1.297508320108510E-003
         349 -0.536759413870898       0.146263464194006     
         350 -0.607987124977569       0.760919005375955     
         351 -0.304914506225096       0.425787814286229     
         352  0.221301724470667      -0.417980425922472     
         353 -0.266031531365476       0.531853408308307     
         354  9.433674982074348E-002  1.235892083212505E-002
         355  3.187810752983663E-004 -4.104009259443967E-004
         356 -6.523091728351908E-003 -5.043438202071020E-002
         357 -9.872802185632973E-003 -1.036738216198808E-003
         358 -2.131744874803553E-003 -4.119680855372737E-003
         359 -2.083326021451350E-003  8.523021349701903E-003
         360 -5.135562286934502E-002 -4.697950248356634E-002
         361 -1.883131241079388E-003  5.424288952862005E-002
         362  -1.02051053308078      -0.415783562377063     
         363 -3.282742747298905E-002 -3.266141013716312E-002
         364 -0.476123957000350       2.250476860275711E-002
         365 -0.402667693257777      -0.299418595865545     
         366  2.669621319338292E-003  5.372741141533546E-003
         367  1.472545347524173E-005 -8.368100865452485E-004
         368   2.15313437125744       -5.49752210345147     
         369  -1.26585956549787        1.71574817192211     
         370  6.636298138091555E-002  7.445422873198941E-002
         371   1.65968400292839        3.82564469733795     
         372 -0.120530688304540      -1.727286924782048E-002
         373 -0.220832509202765       0.585366886477939     
         374  0.344006734446873       1.407642663073204E-002
         375  9.658223710738129E-002 -5.545820416772079E-003
         376 -0.344842106249406       0.207997784801339     
         377  0.111447715740559      -0.185322577620864     
         378 -2.053100071819025E-003  1.373378846538815E-003
         379  0.647474317478340       0.428033685845368     
         380 -2.060868458779122E-002  6.640652463241940E-002
         381  1.610563987166323E-003  2.612420593851022E-002
         382 -3.401879911720743E-003  2.732313959947509E-004
         383  3.747386806231923E-002 -5.753060869809467E-002
         384   2.40286761329442        1.36550249109549     
         385  0.558562839519538       -1.37261998888784     
         386 -3.164377567816379E-002  0.410226276862747     
         387  0.152918245886489      -9.957512267075595E-002
         388 -1.855424625110147E-002  1.749734508724133E-002
         389 -0.237571209930978       -2.85058594616597     
         390 -6.533264335898945E-002  0.295312289192075     
         391   5.93048464718631        1.02644366721213     
         392   3.56179586464431        11.4500994878059     
         393 -1.140619034254378E-002 -0.654005473818406     
         394  0.124439563156890      -1.403071433037170E-002
         395 -0.116584693425709       8.716547432979621E-002
         396   2.60102388932380       -1.17943368204632     
         397 -4.532234802520946E-002 -4.641487236418392E-003
         398 -0.300442609144488      -0.286635858956162     
         399 -0.175436553686405       4.117468564051029E-002
         400   3.39778093464577       0.000000000000000E+000
